20
704.000000 576.000000 0.000000 0.000000 32.000000 32.000000
672.000000 576.000000 0.000000 0.000000 32.000000 32.000000
672.000000 608.000000 0.000000 0.000000 32.000000 32.000000
640.000000 608.000000 0.000000 0.000000 32.000000 32.000000
640.000000 640.000000 0.000000 0.000000 32.000000 32.000000
608.000000 640.000000 0.000000 0.000000 32.000000 32.000000
608.000000 672.000000 0.000000 0.000000 32.000000 32.000000
576.000000 672.000000 0.000000 0.000000 32.000000 32.000000
576.000000 704.000000 0.000000 0.000000 32.000000 32.000000
544.000000 704.000000 0.000000 0.000000 32.000000 32.000000
512.000000 704.000000 0.000000 0.000000 32.000000 32.000000
480.000000 704.000000 0.000000 0.000000 32.000000 32.000000
448.000000 704.000000 0.000000 0.000000 32.000000 32.000000
448.000000 672.000000 0.000000 0.000000 32.000000 32.000000
416.000000 672.000000 0.000000 0.000000 32.000000 32.000000
384.000000 640.000000 0.000000 0.000000 32.000000 32.000000
384.000000 608.000000 0.000000 0.000000 32.000000 32.000000
352.000000 608.000000 0.000000 0.000000 32.000000 32.000000
320.000000 576.000000 0.000000 0.000000 32.000000 32.000000
288.000000 576.000000 0.000000 0.000000 32.000000 32.000000
